7, 1.2821389668306076
8, 1.2703883235526807
0, 1.3102252773614038
2, 1.3109186705941076
1, 1.3104767924483918
5, 1.2860130016179792
6, 1.2830714994787553
9, 1.268349664114029
11, 1.2544442078747526
3, 1.296532401713536
10, 1.2624690255849789
4, 1.2973330171414326
13, 1.2516218319521621
12, 1.2486394214855876
15, 1.2375853681665605
16, 1.2201662269897242
14, 1.2345773909260322
18, 1.2225812651296317
17, 1.2324992756302948
20, 1.2085108792523467
19, 1.2049407454727257
21, 1.212857391602
23, 1.2019988442882181
22, 1.200057669645613
31, 1.1572037645490385
30, 1.1486823129219195
29, 1.1521552502067534
33, 1.1375179679935672
24, 1.1845247160746024
32, 1.1397925329570775
26, 1.1766422270017476
25, 1.1874046387341817
27, 1.1678824589152574
28, 1.1713197620653752
39, 1.1093759527183027
40, 1.09839110941644
42, 1.1009796594648653
41, 1.1015427367596888
43, 1.0828452058732754
36, 1.1237472365590515
37, 1.1161841062330036
38, 1.119447548965427
44, 1.0903550776147988
46, 1.06744162305663
45, 1.0713188417849606
47, 1.0760710271201537
48, 1.057494769902114
49, 1.0619623270760268
34, 1.1386023367785256
51, 1.0428331081605733
50, 1.0438745848566409
52, 1.045780364774446
35, 1.1281161913963542
53, 1.02658007636364
55, 1.030472866510437
54, 1.02736436393882
56, 1.0216347247310302
61, 0.9908443983716942
62, 0.9866817502739847
60, 1.005861662664609
59, 0.9976947921862275
57, 1.0118504677837208
58, 1.0025238475246954
63, 0.9890481166271562
64, 0.9757443028369268
65, 0.9787975369737268
70, 0.9487571314137743
69, 0.9503251781566503
73, 0.9329671092968771
72, 0.9338402260862717
75, 0.918723770034582
71, 0.9364386130327398
74, 0.9263023111236939
67, 0.962288682377908
66, 0.9636604625529569
68, 0.9646042003690712
76, 0.9152073445095497
77, 0.9043198317411804
78, 0.9064772096241284
80, 0.8910536031260611
79, 0.8901773365253272
84, 0.8788949779117368
85, 0.8644927626608804
83, 0.8786565742087182
88, 0.85236755955972
89, 0.8488596327351009
90, 0.8354153617039798
91, 0.837436532200271
86, 0.8602117020727756
81, 0.8889604142577046
87, 0.8468173519747597
82, 0.8758105137328708
93, 0.8221894020784682
97, 0.8132543609137939
92, 0.822939252092758
96, 0.8058956945722296
100, 0.7858584251732379
98, 0.7945939133504132
94, 0.8222293889586575
99, 0.7921092606935751
95, 0.8106029403438341
101, 0.7826755511324076
102, 0.7847559637469353
103, 0.7699662001463907
104, 0.7706483136940244
105, 0.7694395846854822
106, 0.7570238452048728
110, 0.743015336806726
111, 0.7290019503453735
112, 0.7301049143336336
114, 0.7157145412678726
115, 0.7149026141859266
113, 0.7174555913149772
116, 0.6991277635261737
107, 0.7546272566259091
109, 0.7391802559512303
108, 0.742521829149438
118, 0.6970217109509699
117, 0.7044241087665509
120, 0.6880143150237203
119, 0.6884694420603921
121, 0.6747197854017692
122, 0.6746590144486214
123, 0.6727230205822357
125, 0.6633133735401073
124, 0.6612253266001068
131, 0.6295155979150324
130, 0.6348800631352077
132, 0.619418500516426
128, 0.6461190769810372
129, 0.635596940189598
133, 0.6178036229967482
134, 0.6045982650975915
135, 0.6061002967049884
136, 0.6088804268931461
139, 0.5951355992007452
138, 0.5943581679932574
137, 0.5956188779187306
140, 0.5761793076164103
141, 0.5810698945435233
142, 0.5679251012640572
126, 0.6555411500418136
127, 0.6467491542445972
144, 0.5646658442971659
143, 0.5670450974834667
145, 0.5559366109833914
147, 0.552748540678919
146, 0.5539676460466804
149, 0.5389855978107873
148, 0.5411699427982217
150, 0.5261763071710831
151, 0.5286821344062385
152, 0.5261074241976885
153, 0.5118031604750986
154, 0.5153133184538117
157, 0.5005384961113245
155, 0.5023643354922948
156, 0.5018705423922867
158, 0.4897716311819523
160, 0.4872551924582656
159, 0.48903249793455245
165, 0.46247095551489326
164, 0.4628660593663651
168, 0.4492063973361525
161, 0.4738874615235631
166, 0.4488443524860665
163, 0.46270478683196586
167, 0.449333387640348
162, 0.4738648503109072
169, 0.43804386326785727
170, 0.4380189910682648
171, 0.4241577755036227
172, 0.4249034914588168
173, 0.422681509469185
175, 0.41375878306766223
174, 0.4135305378613737
176, 0.39792367382130295
177, 0.3980822700363033
178, 0.3991666271495352
181, 0.387009844692658
182, 0.3756539158897756
185, 0.36227152782055516
186, 0.36098389700654543
188, 0.3493140511011183
187, 0.3512626202150826
183, 0.3739532263836633
184, 0.36221551202975155
179, 0.38565173745945186
180, 0.38968402029027255
194, 0.3251101761901853
192, 0.3273882501470892
193, 0.3269427816179876
189, 0.35183630376845426
196, 0.3162177324862432
190, 0.33765771818069445
195, 0.31647756317167736
197, 0.3044810532851395
198, 0.3023163318738958
199, 0.3041716853009494
204, 0.28256441525080356
200, 0.2922990180593878
201, 0.29186047751020133
203, 0.282235158237869
202, 0.2915453939901087
205, 0.27083263955275644
206, 0.2704018121140926
191, 0.33737878918572367
207, 0.27109603474184246
208, 0.259961146457103
212, 0.2500844383402341
215, 0.2404880715093016
216, 0.23088910411058128
213, 0.23941147314857694
214, 0.2392930570563952
210, 0.2607149099709324
211, 0.2495362513572815
209, 0.2603372068411446
220, 0.22021480212321856
219, 0.22041244384447894
217, 0.2307574993106435
218, 0.2192266439472397
221, 0.21153514961676065
223, 0.2100180459603969
222, 0.2109911110794373
224, 0.20154365629802717
225, 0.2019174666529295
226, 0.19233286206808992
229, 0.18518238996806258
231, 0.18442752741513813
230, 0.18370162533918383
232, 0.17665380933700447
233, 0.177382514764173
228, 0.19386689636018234
227, 0.19400409130048812
234, 0.1695053406020123
238, 0.16200294596604065
237, 0.16184282775424533
239, 0.15446346870503908
235, 0.169009997706314
241, 0.15513094299670732
236, 0.16945314673628728
240, 0.15465923225760336
244, 0.14785999096021668
245, 0.14053920170611725
249, 0.1349406885548158
246, 0.14216026954976793
247, 0.1357999101513835
248, 0.13590702679060482
250, 0.12978087321795373
251, 0.12987342883074385
253, 0.12482207010641315
254, 0.12526451418193976
256, 0.11923693741493718
255, 0.1192632402294522
243, 0.14785414230226043
242, 0.14805487217056945
257, 0.11891820517329744
258, 0.11469107554406681
260, 0.1146231557759214
262, 0.11027558090734893
261, 0.10987002390286013
263, 0.10652167499854392
259, 0.11471912329085356
265, 0.10577674736842022
264, 0.10605341734742038
266, 0.10203441465815367
252, 0.1294734897100652
270, 0.0989027837192376
272, 0.09520324446628965
273, 0.0953233083251559
271, 0.09514944081462504
274, 0.09151036757045103
275, 0.09163404990074762
267, 0.10171437264625158
269, 0.09878958078265573
268, 0.09799734269219404
276, 0.08797193713806564
278, 0.08800109612310857
277, 0.08858703001692815
280, 0.08577559586358931
279, 0.08511594365118348
281, 0.08550126492464631
283, 0.08287434598275066
284, 0.08016306246489838
282, 0.08317570122392508
287, 0.07770503621040396
288, 0.07787860528935271
290, 0.07538604234616496
289, 0.0752834409776083
291, 0.07545721336399798
292, 0.07317237827862567
294, 0.07353499075727252
295, 0.07131458234632629
296, 0.0713401945899591
297, 0.06903163117834302
293, 0.07316595840486116
299, 0.06954963119101781
298, 0.06948651143019267
286, 0.07998375440844147
285, 0.08003304488886802
300, 0.0677980222785071
301, 0.06782381823856322
302, 0.06739190125283152
303, 0.06610821229094878
306, 0.06470808913116267
307, 0.06452473029800944
309, 0.06255508222111882
308, 0.06312963600544895
311, 0.06122725846737877
312, 0.06146594285502834
310, 0.061030153620769356
315, 0.059930389008133855
314, 0.05984243919365832
313, 0.06021364889586508
317, 0.05840489365275557
320, 0.057461831638560217
319, 0.057360189371408805
318, 0.05751868887736731
305, 0.06434539832165868
304, 0.06601463048941389
322, 0.05616410916443998
321, 0.05663648830995538
323, 0.05637422751787635
327, 0.054021674117811544
333, 0.051667387873555286
331, 0.052086412943978956
330, 0.05310163900843994
332, 0.05189712447971348
328, 0.05423057086345075
329, 0.05310769717542712
316, 0.05870312893765223
334, 0.05144733460400602
337, 0.05020543735681902
335, 0.05117984484916126
336, 0.05131331485017698
338, 0.05017404855580069
339, 0.04962562673527702
344, 0.04872159109827332
342, 0.04877796859067163
346, 0.04740806951697069
343, 0.04845781344270967
347, 0.047269022881417856
345, 0.047996367602390885
349, 0.04714500801158267
348, 0.04710529921658827
351, 0.0464088727840662
350, 0.046496577500791385
352, 0.045756030565754925
353, 0.045929312837957065
325, 0.05503811579422424
324, 0.05505358022484484
326, 0.054049172880963586
354, 0.0456012681246763
355, 0.044863908659679735
357, 0.04496333747493529
356, 0.04499935841701853
358, 0.0443242146800449
340, 0.049521319547935136
359, 0.044382766677587344
360, 0.04385756108823503
341, 0.04935947335678846
361, 0.04381758247137115
362, 0.043919602525581455
363, 0.043319173336845686
364, 0.0431723634293379
365, 0.04340333777684686
367, 0.042579551285157946
366, 0.04251034040286265
370, 0.04193350121472399
371, 0.0416643436399077
372, 0.04166974713620342
373, 0.04120317936506665
375, 0.04106844637432706
376, 0.040678790202220066
374, 0.04106941096793508
378, 0.04071139578773224
377, 0.04051363302595931
379, 0.03987915153126908
381, 0.03973562879021193
369, 0.04213303081050799
368, 0.04213151451764108
386, 0.03927944965024665
382, 0.03955612575098273
383, 0.03975321693635643
384, 0.0392659780401144
387, 0.039020011196271194
385, 0.03921551267996563
390, 0.03832607096170107
391, 0.03844282430180858
389, 0.0385357414460686
388, 0.03879751516310399
380, 0.04016380963111937
396, 0.037719345622917184
397, 0.03722430733001658
398, 0.03718911958367524
395, 0.037483217612924384
399, 0.037345502946534666
401, 0.03701894813222534
400, 0.03693255113462671
404, 0.0368925633304451
406, 0.03633316540901747
405, 0.03609537816878349
408, 0.03582814929369712
407, 0.03622191352283641
409, 0.03593297238416369
412, 0.035552653313619356
411, 0.03549500998618668
410, 0.035499816435109924
416, 0.03499151291099818
415, 0.034930890898120424
414, 0.03521256967864035
417, 0.03496087391661589
413, 0.035260682040937394
393, 0.03805879663044631
392, 0.037982295191438406
394, 0.037704836815963816
418, 0.03473175442279988
419, 0.034652984610527314
420, 0.03459195530182896
403, 0.0367506060913201
421, 0.034415074812641
402, 0.036631815380155704
425, 0.034051887863105736
424, 0.03397417668686685
427, 0.03380004490534232
423, 0.03404348241600601
426, 0.03375507928534326
422, 0.034347888140157726
430, 0.03348186805833687
431, 0.033245347263168676
435, 0.03303524422523306
433, 0.03339052461220788
432, 0.03335783299103422
436, 0.032848282624394765
437, 0.032745766194281115
438, 0.03283254719405665
434, 0.03305121805536476
439, 0.032540405959723954
440, 0.03252265227048618
428, 0.033690617091265966
429, 0.03360193039846351
444, 0.0321425182701703
443, 0.03240937452866029
442, 0.03220298206104343
445, 0.0322087083481486
446, 0.03210653237566653
449, 0.03199139758777201
451, 0.03164092130156435
450, 0.031710543861993776
453, 0.03141943242513059
452, 0.0313029738101798
454, 0.031467750872488716
448, 0.03180929041966539
441, 0.032482346764362374
447, 0.03187852904364425
458, 0.03104662621960397
459, 0.031140925247446948
462, 0.030815066345999318
460, 0.030859065807829336
461, 0.030823086732799484
457, 0.031178980891792118
455, 0.031222286914992233
456, 0.031071813525808963
466, 0.030542839861209783
467, 0.030484132728428964
468, 0.030152470973555164
471, 0.030133560185908913
474, 0.02982866947311431
472, 0.030108799038952264
473, 0.030146737959611876
476, 0.029885301640640623
475, 0.029942179207807843
477, 0.029818742911393737
478, 0.02961603953385114
465, 0.030442862026379903
463, 0.030783340712997133
464, 0.030748688644949358
481, 0.02934920060432847
483, 0.029220293942368667
479, 0.029586699161293382
482, 0.029363189733790783
480, 0.029618873625650792
470, 0.03034127961212345
469, 0.030307346519713212
486, 0.029051071829105355
488, 0.02911050573322674
487, 0.02906368360382365
489, 0.0289036766339048
490, 0.02890357736272905
493, 0.02880223963653946
492, 0.02880176555268823
494, 0.028739016773980965
491, 0.028994945707533245
495, 0.028624334299235506
484, 0.029307008401642343
485, 0.029276280935176917
499, 0.028410958930548506
497, 0.028365133841665207
496, 0.028688469706524503
498, 0.028524681184410577
