0, 1.8207861296964658
2, 1.8262164937146068
1, 1.8220694054931044
7, 1.8095721578988304
6, 1.8048145677749006
8, 1.800922067160462
9, 1.8022698231503942
5, 1.813487460643814
4, 1.8123680621758091
3, 1.8030602167450596
16, 1.7882150348825063
17, 1.7721106689980843
13, 1.787089610184383
18, 1.7684444405576598
19, 1.7734392395231382
14, 1.776660830913888
15, 1.7785021886834205
20, 1.7605559552169125
10, 1.7918645628194112
11, 1.7942376423692998
12, 1.7919899570949036
26, 1.75177027737066
27, 1.751601255957301
28, 1.7409486842932196
25, 1.7387440300466115
24, 1.744102001671274
30, 1.7350433290547316
29, 1.7298671599114275
23, 1.7564588423598644
22, 1.7520751914700028
21, 1.7644162477848648
32, 1.730114904221679
38, 1.713796990233652
39, 1.7093579339509117
31, 1.734391259071
37, 1.7197516271288429
34, 1.7187901320997716
33, 1.7139624553086912
40, 1.7133221444841606
36, 1.7410956077156459
35, 1.7270687808211327
41, 1.711960479038517
42, 1.720729719942709
43, 1.7135481935260453
44, 1.7030944302003017
48, 1.6939245731109118
45, 1.697679929100527
49, 1.6978865219136905
47, 1.6920313688221265
46, 1.6981917183774051
50, 1.6895592097987207
54, 1.677753099787645
53, 1.677898165895688
52, 1.6782395744494165
51, 1.689047266694635
55, 1.6719814475313013
59, 1.673310678190605
60, 1.6645871768580842
56, 1.6750391768943595
58, 1.6614618065140105
57, 1.679330419172996
62, 1.6670666296455992
61, 1.6672992590092857
70, 1.6514398372986394
69, 1.6496507557382032
71, 1.637980871260588
73, 1.6500760092543745
63, 1.6567388102235503
72, 1.6535654676573457
65, 1.671377460001624
75, 1.6380879441965108
74, 1.6478117262233851
64, 1.6676140961193928
68, 1.6513810480418332
67, 1.6541598960608523
66, 1.661044445514231
76, 1.6416554649625472
78, 1.6346283727346942
79, 1.6363806136867252
80, 1.6248639549554722
77, 1.6345871699703693
81, 1.6297683741525402
85, 1.6325760586949487
83, 1.6238786540609853
86, 1.6277720049323818
84, 1.6212711027349567
82, 1.6361553424555584
88, 1.6257810087184947
89, 1.629253466835838
87, 1.6288250454363977
91, 1.6204757144557906
90, 1.6129711125223605
93, 1.6259982185223119
92, 1.6067646982113095
95, 1.598361833839747
96, 1.6157198262773058
94, 1.6130462651231212
97, 1.6105164195889148
98, 1.6173241187938188
99, 1.607252489962395
100, 1.6050987876634504
104, 1.6038353261012486
103, 1.5887265005323925
105, 1.5958387736054827
107, 1.5887799504601368
106, 1.6045858455584114
102, 1.6019708871011331
108, 1.5952195621562906
109, 1.5957031401864048
110, 1.5922978852281002
101, 1.6070807861980974
112, 1.5846298303075799
111, 1.604437348610911
120, 1.5776874986648277
119, 1.5806277132264674
121, 1.582134360293922
122, 1.5856343307448624
118, 1.5856892543724759
117, 1.5893348667498988
116, 1.5817919451237485
123, 1.590773770676746
124, 1.581628971811717
114, 1.5894169880175921
113, 1.5781349965148626
125, 1.5770130142663825
115, 1.5891853671459544
126, 1.5782899979641356
127, 1.5734886488699362
128, 1.5795830117780982
132, 1.5653738851519863
133, 1.5732103737655507
134, 1.569357236250512
130, 1.5696035865532711
131, 1.562516481441441
129, 1.5689463566591162
135, 1.5670664339407252
136, 1.5707274791375425
142, 1.5537065265224608
138, 1.5663689400010201
137, 1.5749358714971153
141, 1.5577361126049551
139, 1.5597463115243961
140, 1.5619831983990509
144, 1.548444362373287
143, 1.5543629369809577
152, 1.5448314701934018
151, 1.5467250175415752
150, 1.5400357620518788
149, 1.5617549796140389
148, 1.563681874136515
147, 1.5497076535915641
154, 1.546302501795997
153, 1.5398868929433238
146, 1.5604535714865657
145, 1.554701008977997
157, 1.5394951601179474
156, 1.5369814303709097
155, 1.549389795922346
158, 1.5359658882720462
159, 1.5447858675384896
162, 1.5376067555005914
161, 1.5417054632288616
160, 1.5325852215676474
170, 1.5336852686238167
167, 1.5376060889855663
166, 1.530740547513066
168, 1.535236813618024
172, 1.529077878346122
171, 1.5353357243928671
169, 1.5289898222306837
165, 1.5249201341414367
164, 1.5460774072766807
163, 1.5374322355169765
176, 1.515283952273615
177, 1.5359421697731905
179, 1.5231942172287054
178, 1.530456310277852
182, 1.522458173669047
181, 1.5173391455414693
180, 1.5238910177486236
173, 1.5433879718979275
183, 1.532821411140772
174, 1.5316530969165383
184, 1.5247618437950252
175, 1.5245508700213408
185, 1.5225098387366995
186, 1.529042225970731
188, 1.5240007637735078
189, 1.5257247759558823
187, 1.5280503188294672
190, 1.515287859095365
191, 1.5205896811415678
193, 1.517112973448052
192, 1.5047649774595493
194, 1.513278984699615
198, 1.5091330059657129
197, 1.505488058246668
199, 1.5081635168767864
202, 1.5117666381648132
201, 1.5194202364277665
200, 1.5021268775353895
204, 1.519886452693114
203, 1.5033508389491717
207, 1.50508586568626
206, 1.5190593030234605
209, 1.4990044454536824
208, 1.5027239557683003
205, 1.5130825320978059
196, 1.510823361210142
195, 1.5195005936550947
210, 1.5014219066803398
212, 1.5131998936327118
211, 1.5039677013445438
213, 1.5091193297842156
217, 1.5069591340218293
218, 1.4938134575020547
219, 1.5035473432857798
220, 1.4932843818963308
223, 1.4925318702877775
224, 1.495393438466046
225, 1.503985356642198
221, 1.4982293315197197
222, 1.50035761443284
226, 1.4867830992019557
227, 1.4867648382258245
231, 1.4848811443350354
233, 1.503411676419165
232, 1.5036522133413404
216, 1.5042489299050448
215, 1.5030090845528545
214, 1.4996087923398518
238, 1.4836060568129046
241, 1.486575513666702
239, 1.4912659978862315
237, 1.4826541041470434
234, 1.4911793861992095
235, 1.4948330679029
240, 1.4876638098187445
236, 1.4895076647041259
229, 1.493352861337234
230, 1.4841931274600608
228, 1.4901728309124156
242, 1.4841767364474023
243, 1.4942155963071195
244, 1.4898504988327639
245, 1.4872237764574503
246, 1.4869608868035515
249, 1.4825661878539098
250, 1.479951807586574
252, 1.4772507605821996
248, 1.4938604811144278
247, 1.475915610836433
251, 1.4841614220100106
254, 1.4822850582851521
257, 1.4816723414875248
253, 1.4707234424062585
256, 1.4697474483541293
255, 1.4863610356217993
258, 1.4646969872974045
267, 1.4779497836065816
266, 1.4734264389891685
265, 1.4812236231952867
263, 1.4821249462523065
264, 1.473895055143107
268, 1.4657343762936534
277, 1.4766792195185994
276, 1.4734939251866153
279, 1.4773045053219376
269, 1.488618199043014
278, 1.4646251284343095
270, 1.4756489937028077
274, 1.4714047474358616
271, 1.4762175715718289
275, 1.4656445297080762
272, 1.465171406346226
273, 1.469275153735408
260, 1.4809700035956197
262, 1.4629155014352369
261, 1.4776073759005128
259, 1.468943684853188
283, 1.4809821186526255
287, 1.4601124434114623
288, 1.4744360630482787
284, 1.469559872068655
285, 1.4700796348243763
286, 1.456884117521732
290, 1.4787433574392588
289, 1.458824228280628
291, 1.466300361399942
281, 1.4781677510223608
280, 1.4636251240374816
292, 1.4604504633309687
293, 1.4700503571851191
282, 1.480977119823
295, 1.460238198117346
294, 1.4747731717958545
307, 1.4557945941297492
306, 1.4635788220609853
305, 1.4633056696533546
304, 1.4679177273259625
296, 1.479368739617205
297, 1.4610389746651489
299, 1.4666097434725263
303, 1.4607605427586898
298, 1.4656427726705528
302, 1.4607574743044853
301, 1.4647005923068674
300, 1.460773187833555
308, 1.4650150899775842
315, 1.460596211794668
309, 1.4598195678962884
314, 1.4579451208032421
311, 1.4545567375776207
310, 1.4442478853062608
312, 1.4608903906258213
313, 1.4569937772492667
316, 1.4511150348102797
317, 1.4473803438621005
321, 1.454581555993131
323, 1.4562765325937919
320, 1.4610896838083003
322, 1.4611625295183825
318, 1.448828695003477
319, 1.4497108220630517
324, 1.4581016561880777
329, 1.441159168887405
330, 1.4430422101063083
332, 1.4574317104954315
333, 1.443716256973131
331, 1.4619117677980396
334, 1.453902025720371
335, 1.4498453413335386
325, 1.450016628571519
328, 1.4562839799752905
326, 1.439753467601684
327, 1.4461385404931082
337, 1.4556556376708172
336, 1.4409167188255312
338, 1.4412067821719505
344, 1.450816360613193
342, 1.4510670083470785
343, 1.45612262096374
349, 1.4466883265837849
348, 1.4427403926609204
347, 1.4428712066100466
346, 1.4411115104671055
339, 1.4412377619167187
340, 1.4533734711902708
341, 1.4514999688278674
351, 1.4372856184055673
345, 1.44327658279972
352, 1.440220411626844
354, 1.4369706528778063
353, 1.4416881181504235
357, 1.4436109580411374
355, 1.4484506512336441
356, 1.4467629649163694
350, 1.441438023382699
358, 1.426514094626254
360, 1.4282464927272907
362, 1.4349351669271495
361, 1.4430158370281674
363, 1.4358780309005685
365, 1.4335503224782569
364, 1.4375769831448912
359, 1.4335794896919325
366, 1.4460517540501874
368, 1.4326685755677055
370, 1.4303260548981545
372, 1.4386602167085085
373, 1.437507137685827
371, 1.417611418191378
374, 1.4426075955416442
369, 1.4388090814764205
367, 1.4438247086142253
375, 1.4330846448411672
380, 1.4350780291296894
378, 1.4434642237372477
377, 1.4362640383784535
379, 1.4321754523733814
389, 1.4379025038379387
381, 1.4373073171423503
376, 1.4409119816041902
382, 1.4303074313087445
383, 1.4416666060935734
390, 1.4386772035851008
391, 1.4410448249765875
388, 1.4410596491080183
395, 1.434668508925034
394, 1.4302385672756428
385, 1.4425341445324245
387, 1.4307760061857135
386, 1.430038708115991
392, 1.4393578249007772
384, 1.4363414785626971
393, 1.4446474705259642
399, 1.4292577769612063
400, 1.4269808762120337
401, 1.4306473529457209
396, 1.431751421461818
397, 1.4388909781837433
398, 1.4354211483113513
407, 1.429874985058162
403, 1.419413493284323
406, 1.4264726271213506
405, 1.4288306285836634
404, 1.4325587326376592
408, 1.4312204033343165
402, 1.4408548246162067
412, 1.4352961816923553
410, 1.4234360000453825
409, 1.4229194994272925
411, 1.430601515771838
414, 1.4206302781279632
413, 1.4295667410048016
417, 1.4320686129050582
419, 1.4166504638665223
418, 1.425596778114725
420, 1.4231864385755333
421, 1.4162878715635812
422, 1.423725786871833
416, 1.424709132716089
423, 1.4278285518776643
424, 1.4200778657692574
415, 1.440902822866538
429, 1.42034489384312
430, 1.4122377573071032
428, 1.4271798614180466
425, 1.4208498831542549
427, 1.4215855536518849
426, 1.4178229601268229
439, 1.4191348928888827
438, 1.4164557201014571
435, 1.4206903260885997
437, 1.4194344527503626
433, 1.4273422956499089
431, 1.416124516129918
432, 1.4176586048967301
434, 1.4219911641454555
436, 1.425740092000268
440, 1.4222622001175964
441, 1.4268888280370524
446, 1.4171408615315668
447, 1.416180281219814
451, 1.4301563131839594
443, 1.425517328094499
445, 1.4232646426945585
444, 1.4188314766603023
442, 1.420516292234822
457, 1.4174449824397304
449, 1.4228211972349483
448, 1.4225857817699425
450, 1.419330481338062
452, 1.4153061954534847
454, 1.417092323166315
456, 1.4089573602957455
455, 1.4114697879943487
453, 1.42402553096909
458, 1.4147487118979345
459, 1.422050538047424
463, 1.419352820097373
465, 1.403829571897496
462, 1.4096507165893477
464, 1.4166528640639797
475, 1.4131515891077655
460, 1.4194384562884328
461, 1.4206587229921235
476, 1.4117946261083902
467, 1.4021439500062434
472, 1.414937638001183
471, 1.4136661956401024
469, 1.4152910764051094
474, 1.4090992210570743
470, 1.4137547300783269
468, 1.415753653602255
466, 1.4180204723473189
473, 1.4117891842405554
482, 1.4224774121451254
481, 1.4189234619128641
477, 1.4206099040680311
478, 1.4234149965002174
479, 1.4040968070331494
480, 1.4134873195784377
483, 1.4220816365342164
487, 1.4117299110022161
485, 1.4197136687888985
489, 1.4043717623400547
484, 1.4111845171418314
486, 1.412009769835025
488, 1.4081316978587155
492, 1.402248600384309
494, 1.4185117270186314
490, 1.4172032947986795
491, 1.4024100976475484
499, 1.4189801606876717
493, 1.4157179938380997
496, 1.407243567730774
498, 1.408880153066001
495, 1.4169826865392432
497, 1.4090438127063036
